D/Ds/HF electrons' R_AA and v2 in Pb+Pb 5.02 TeV collisions

for R_AA, two columns encompass the most relevant uncertainty from charm shadowing
for v2, two columns encompass the uncertainty from charm quark coalescence probability


-----------------------------------------------------------------
D-meson R_AA 30-50%  

pT(GeV)     R_AA

0.1	0.42722	0.53613
0.3	0.50539	0.63169
0.5	0.56483	0.7022
0.7	0.612	0.75594
0.9	0.65448	0.79947
1.1	0.68433	0.82861
1.3	0.69783	0.84831
1.5	0.70668	0.8472
1.7	0.70233	0.83387
1.9	0.68575	0.80838
2.1	0.66495	0.77594
2.3	0.64024	0.73517
2.5	0.60943	0.69013
2.7	0.57654	0.64822
2.9	0.55048	0.61235
3.1	0.52252	0.58065
3.3	0.49754	0.54733
3.5	0.47689	0.52152
3.7	0.45986	0.49711
3.9	0.44489	0.47715
4.1	0.43224	0.464
4.3	0.42373	0.4522
4.5	0.41477	0.44526
4.7	0.40968	0.43372
4.9	0.40582	0.43005
5.1	0.40273	0.42876
5.3	0.40451	0.426
5.5	0.39864	0.42454
5.7	0.39955	0.42297
5.9	0.40469	0.42416
6.1	0.40108	0.42435
6.3	0.40381	0.42692
6.5	0.40754	0.42901
6.7	0.40369	0.43192
6.9	0.40476	0.43559
7.1	0.40847	0.43704
7.3	0.41093	0.44031
7.5	0.42081	0.44609
7.7	0.4176	0.44936
7.9	0.41775	0.45106
8.1	0.41784	0.4559
8.3	0.4252	0.45589
8.5	0.41834	0.45718
8.7	0.42421	0.47042
8.9	0.43234	0.4699
9.1	0.43107	0.47427
9.3	0.43231	0.47003
9.5	0.43911	0.4711
9.7	0.44941	0.47924
9.9	0.44683	0.4822
10.1	0.44885	0.49374
10.3	0.46532	0.48702
10.5	0.45924	0.49441
10.7	0.4574	0.49055
10.9	0.47101	0.4834
11.1	0.45539	0.51004
11.3	0.46465	0.53294
11.5	0.46197	0.51181
11.7	0.47191	0.50191
11.9	0.49375	0.52987
12.1	0.47779	0.51463
12.3	0.48483	0.5315
12.5	0.50239	0.50896
12.7	0.47415	0.50653
12.9	0.48194	0.5279
13.1	0.51359	0.53885
13.3	0.50261	0.52554
13.5	0.51219	0.57136
13.7	0.49874	0.53723
13.9	0.49586	0.55628
14.1	0.49403	0.52232
14.3	0.50445	0.55626
14.5	0.53411	0.56526
14.7	0.52881	0.60484
14.9	0.51778	0.59408
15.1	0.52551	0.56553
15.3	0.54627	0.60807
15.5	0.51347	0.57891
15.7	0.50601	0.55438
15.9	0.54945	0.54711
16.1	0.51408	0.60847
16.3	0.54622	0.60337
16.5	0.53263	0.56687
16.7	0.57041	0.58844
16.9	0.5668	0.57098
17.1	0.50368	0.59266
17.3	0.5294	0.62299
17.5	0.55044	0.58783
17.7	0.53403	0.58545
17.9	0.50787	0.56698
18.1	0.57876	0.593
18.3	0.58081	0.59677
18.5	0.53948	0.61948
18.7	0.49816	0.64092
18.9	0.57252	0.63067
19.1	0.50104	0.56155
19.3	0.54281	0.6107
19.5	0.61255	0.61361
19.7	0.61057	0.65286
19.9	0.60693	0.66404

--------------------------------------------------
Ds-meson R_AA 30-50%

pT(GeV)     R_AA

0.1	1.15457	0.91707
0.3	1.26855	1.00771
0.5	1.35415	1.07636
0.7	1.42033	1.13853
0.9	1.48554	1.19213
1.1	1.52786	1.24049
1.3	1.57202	1.28696
1.5	1.58819	1.30377
1.7	1.57482	1.29657
1.9	1.52221	1.27065
2.1	1.46379	1.24001
2.3	1.37976	1.18702
2.5	1.29732	1.12142
2.7	1.21208	1.05509
2.9	1.11716	0.99174
3.1	1.03121	0.92227
3.3	0.9587	0.85462
3.5	0.88664	0.80317
3.7	0.81881	0.75201
3.9	0.76855	0.70703
4.1	0.72676	0.66576
4.3	0.67937	0.63282
4.5	0.63929	0.59941
4.7	0.61182	0.57366
4.9	0.58529	0.55404
5.1	0.56482	0.53439
5.3	0.54822	0.51691
5.5	0.53292	0.50062
5.7	0.52528	0.48999
5.9	0.51686	0.4872
6.1	0.51474	0.48305
6.3	0.50295	0.47729
6.5	0.50469	0.47851
6.7	0.50408	0.46715
6.9	0.49402	0.46912
7.1	0.49656	0.46998
7.3	0.50044	0.47742
7.5	0.50759	0.47069
7.7	0.50241	0.46624
7.9	0.5079	0.46943
8.1	0.51315	0.4741
8.3	0.5123	0.47637
8.5	0.52301	0.47765
8.7	0.51745	0.47613
8.9	0.51908	0.47958
9.1	0.51744	0.47758
9.3	0.533	0.48786
9.5	0.53226	0.4888
9.7	0.53178	0.49652
9.9	0.53642	0.48999
10.1	0.53867	0.49772
10.3	0.54498	0.50626
10.5	0.55326	0.50344
10.7	0.5618	0.51822
10.9	0.54184	0.51237
11.1	0.55976	0.51864
11.3	0.56746	0.52263
11.5	0.55232	0.53142
11.7	0.56095	0.51888
11.9	0.58187	0.54209
12.1	0.58693	0.55084
12.3	0.55951	0.53183
12.5	0.5842	0.55194
12.7	0.60896	0.53994
12.9	0.58668	0.55903
13.1	0.59772	0.53641
13.3	0.61454	0.53002
13.5	0.60861	0.5534
13.7	0.61215	0.56435
13.9	0.62459	0.56707
14.1	0.62086	0.55063
14.3	0.65932	0.55802
14.5	0.61699	0.60392
14.7	0.64591	0.56792
14.9	0.62682	0.58264
15.1	0.63123	0.56865
15.3	0.61972	0.6017
15.5	0.63993	0.61842
15.7	0.65247	0.58847
15.9	0.61877	0.57826
16.1	0.64008	0.57185
16.3	0.67341	0.59725
16.5	0.65249	0.63761
16.7	0.7014	0.65725
16.9	0.69526	0.60978
17.1	0.63067	0.57238
17.3	0.62836	0.55967
17.5	0.66351	0.59803
17.7	0.66892	0.57843
17.9	0.68273	0.6229
18.1	0.63445	0.60864
18.3	0.65477	0.53994
18.5	0.64182	0.62285
18.7	0.72842	0.63891
18.9	0.67799	0.63732
19.1	0.66324	0.60077
19.3	0.66039	0.62399
19.5	0.68027	0.61926
19.7	0.7591	0.63011
19.9	0.68571	0.63283

-------------------------------------------------
D-meson v2 30-50%

pT(GeV)       v2

0.1	-0.00102 0.0000172
0.3	0.00167	0.0016
0.5	0.00904	0.00438
0.7	0.01659	0.01432
0.9	0.02524	0.01731
1.1	0.03804	0.0317
1.3	0.05493	0.04448
1.5	0.06895	0.06664
1.7	0.10041	0.08067
1.9	0.09909	0.09496
2.1	0.11175	0.11315
2.3	0.11837	0.12551
2.5	0.12215	0.13392
2.7	0.1267	0.14162
2.9	0.1216	0.13143
3.1	0.12386	0.14118
3.3	0.12275	0.13514
3.5	0.11416	0.12811
3.7	0.11265	0.12935
3.9	0.1068	0.13203
4.1	0.10058	0.12172
4.3	0.09587	0.11749
4.5	0.08412	0.11364
4.7	0.08518	0.09923
4.9	0.08493	0.08548
5.1	0.07607	0.08639
5.3	0.07418	0.08025
5.5	0.06676	0.07365
5.7	0.06443	0.07643
5.9	0.06302	0.06787
6.1	0.05742	0.07254
6.3	0.05871	0.06387
6.5	0.05164	0.06082
6.7	0.05356	0.05907
6.9	0.04096	0.05097
7.1	0.03928	0.04878
7.3	0.03981	0.03842
7.5	0.02804	0.04387
7.7	0.04188	0.03876
7.9	0.04557	0.03846

-----------------------------------------------
Ds-meson v2  30-50%

pT(GeV)       v2

0.1	0.00744	0.00121
0.3	0.01137	0.00176
0.5	0.02018	0.01134
0.7	0.02738	0.01443
0.9	0.03744	0.02574
1.1	0.0472	0.03697
1.3	0.05996	0.05516
1.5	0.06918	0.06767
1.7	0.08013	0.08382
1.9	0.08202	0.0862
2.1	0.09507	0.10579
2.3	0.1015	0.11518
2.5	0.10177	0.1162
2.7	0.10411	0.12066
2.9	0.09811	0.11422
3.1	0.0993	0.11712
3.3	0.0941	0.11218
3.5	0.098	0.11875
3.7	0.09667	0.11973
3.9	0.0876	0.10968
4.1	0.08442	0.10604
4.3	0.08319	0.10568
4.5	0.07482	0.09437
4.7	0.07074	0.08964
4.9	0.06357	0.07976
5.1	0.06534	0.08345
5.3	0.06213	0.07807
5.5	0.05277	0.06583
5.7	0.05079	0.06433
5.9	0.04823	0.06135
6.1	0.04752	0.0594
6.3	0.04115	0.04969
6.5	0.03547	0.04487
6.7	0.04705	0.05489
6.9	0.03536	0.04139
7.1	0.03057	0.0388
7.3	0.02968	0.03521
7.5	0.03135	0.03746
7.7	0.0297	0.03504
7.9	0.02981	0.03368

--------------------------------------------
HF electrons R_AA from D+B decays

pT(GeV)     R_AA

0.1	0.65324	0.78092
0.3	0.65628	0.79002
0.5	0.65432	0.78503
0.7	0.6656	0.79135
0.9	0.67792	0.79587
1.1	0.67982	0.78541
1.3	0.67307	0.76387
1.5	0.66079	0.73644
1.7	0.64624	0.70776
1.9	0.62876	0.68076
2.1	0.61364	0.65745
2.3	0.60164	0.63778
2.5	0.59015	0.62217
2.7	0.58081	0.61016
2.9	0.57517	0.6007
3.1	0.57001	0.59369
3.3	0.56564	0.58823
3.5	0.56273	0.5842
3.7	0.55985	0.58062
3.9	0.55716	0.57793
4.1	0.55492	0.57568
4.3	0.55377	0.57396
4.5	0.55179	0.57274
4.7	0.55016	0.57163
4.9	0.54897	0.57119
5.1	0.54957	0.57085
5.3	0.54823	0.57088
5.5	0.54782	0.57099
5.7	0.54904	0.57126
5.9	0.54808	0.57178
6.1	0.54881	0.57248
6.3	0.54904	0.57342
6.5	0.55119	0.57447
6.7	0.55211	0.57583
6.9	0.55348	0.57722
7.1	0.55576	0.57862
7.3	0.55736	0.58027
7.5	0.55869	0.5821
7.7	0.55955	0.58399
7.9	0.56182	0.58585
8.1	0.56394	0.58781
8.3	0.56614	0.5898
8.5	0.56693	0.59198
8.7	0.56993	0.59397
8.9	0.57102	0.59617
9.1	0.57204	0.59816
9.3	0.57479	0.6002
9.5	0.57695	0.60252
9.7	0.57941	0.60441
9.9	0.57943	0.60657
10.1	0.58242	0.60886
10.3	0.58377	0.61079
10.5	0.58671	0.61311
10.7	0.58766	0.61504
10.9	0.58948	0.61696
11.1	0.59209	0.6188
11.3	0.59288	0.62105
11.5	0.59488	0.62282
11.7	0.59744	0.62467
11.9	0.59822	0.62671
12.1	0.59825	0.62849
12.3	0.60259	0.63048
12.5	0.604	0.63213
12.7	0.605	0.63407
12.9	0.60592	0.63528
13.1	0.60692	0.63655
13.3	0.61001	0.6386
13.5	0.60998	0.64001
13.7	0.61228	0.6416
13.9	0.61201	0.64319
14.1	0.614	0.64476
14.3	0.61672	0.64622
14.5	0.61645	0.64703
14.7	0.61883	0.64856
14.9	0.61843	0.64962
15.1	0.61783	0.65018
15.3	0.6208	0.6516
15.5	0.62374	0.65291
15.7	0.62211	0.65328
15.9	0.62165	0.65403
16.1	0.62371	0.65528
16.3	0.62315	0.65588
16.5	0.62502	0.65626
16.7	0.62496	0.65673
16.9	0.62598	0.65748
17.1	0.62484	0.65694
17.3	0.62502	0.65883
17.5	0.62614	0.65754
17.7	0.62612	0.65957
17.9	0.62914	0.65862
18.1	0.6273	0.6592
18.3	0.62849	0.66048
18.5	0.62784	0.66007
18.7	0.62826	0.66035
18.9	0.62927	0.66083
19.1	0.62921	0.66143
19.3	0.62836	0.66053
19.5	0.6272	0.66181
19.7	0.62703	0.66164
19.9	0.62873	0.66114

--------------------------------------------------
HF electrons v2 from D+B decays

pT(GeV)       v2

0.1	-0.00281 -0.0029
0.3	-0.00261 -0.00306
0.5	0.01105	0.01346
0.7	0.03145	0.03472
0.9	0.05062	0.05422
1.1	0.06619	0.07119
1.3	0.07812	0.08302
1.5	0.08424	0.0922
1.7	0.08636	0.09635
1.9	0.08432	0.09651
2.1	0.08089	0.09535
2.3	0.07576	0.08984
2.5	0.07149	0.08488
2.7	0.06759	0.07973
2.9	0.06303	0.07559
3.1	0.05973	0.07077
3.3	0.05719	0.06671
3.5	0.05512	0.06378
3.7	0.05193	0.06155
3.9	0.05046	0.05972
4.1	0.04826	0.05583
4.3	0.04692	0.05485
4.5	0.04382	0.05221
4.7	0.04197	0.05039
4.9	0.04086	0.0492
5.1	0.0386	0.04748
5.3	0.03736	0.04568
5.5	0.03609	0.04438
5.7	0.03431	0.04259
5.9	0.03387	0.04083
6.1	0.03228	0.03951
6.3	0.03081	0.03808
6.5	0.03009	0.03621
6.7	0.02932	0.03642
6.9	0.02877	0.03544
7.1	0.02771	0.03346
7.3	0.02735	0.03357
7.5	0.02779	0.03245
7.7	0.02708	0.03065
7.9	0.02686	0.03015
8.1	0.02549	0.02982
8.3	0.02447	0.02814
8.5	0.02464	0.02812
8.7	0.02432	0.02793
8.9	0.02421	0.02649
9.1	0.02313	0.02617
9.3	0.02271	0.02612
9.5	0.02351	0.02556
9.7	0.02246	0.02462
9.9	0.02208	0.02488
10.1	0.02209	0.0248
10.3	0.02153	0.0236
10.5	0.02178	0.02342
10.7	0.02156	0.02361
10.9	0.02134	0.02376
11.1	0.02106	0.02292
11.3	0.02135	0.02319
11.5	0.02202	0.02316
11.7	0.02201	0.02272
11.9	0.02109	0.02331
12.1	0.02131	0.02294
12.3	0.02058	0.02232
12.5	0.02002	0.02256
12.7	0.02103	0.02327
12.9	0.01934	0.02332
13.1	0.02029	0.02225
13.3	0.02022	0.02163
13.5	0.02071	0.02282
13.7	0.02031	0.02325
13.9	0.02136	0.02206
14.1	0.0209	0.02087
14.3	0.01975	0.02268
14.5	0.0215	0.02347
14.7	0.02091	0.02225
14.9	0.02103	0.02204
 