pT v2min v2max boh boh boh boh
0.00000000 0.0000000 0.0000000 0.0000001 0.0000001 0.0000001 0.0000001
0.20000000 0.0000509 0.0002287 -0.0000092 -0.0000092 -0.0000043 0.0000097
0.60000000 0.0003323 0.0011849 0.0000266 0.0000266 0.0000570 0.0001400
0.40000000 0.0001698 0.0006473 0.0000067 0.0000067 0.0000211 0.0000626
1.00000000 0.0007028 0.0023938 0.0000770 0.0000770 0.0001525 0.0003546
0.80000000 0.0005147 0.0017797 0.0000508 0.0000508 0.0001022 0.0002401
1.40000000 0.0010762 0.0036270 0.0001409 0.0001410 0.0002675 0.0006165
1.20000000 0.0008910 0.0030124 0.0001066 0.0001066 0.0002075 0.0004805
1.80000000 0.0014320 0.0048267 0.0002206 0.0002206 0.0003964 0.0009052
1.60000000 0.0012560 0.0042311 0.0001796 0.0001796 0.0003311 0.0007596
2.20000000 0.0017739 0.0059984 0.0003121 0.0003121 0.0005343 0.0012084
2.00000000 0.0016048 0.0054163 0.0002647 0.0002647 0.0004641 0.0010546
2.60000000 0.0020966 0.0071292 0.0004177 0.0004177 0.0006827 0.0015283
2.40000000 0.0019383 0.0065704 0.0003629 0.0003629 0.0006071 0.0013663
3.00000000 0.0023920 0.0081985 0.0005401 0.0005401 0.0008418 0.0018622
2.80000000 0.0022481 0.0076725 0.0004766 0.0004766 0.0007609 0.0016937
3.40000000 0.0026902 0.0092621 0.0006483 0.0006483 0.0009856 0.0021647
3.20000000 0.0025405 0.0087273 0.0005921 0.0005921 0.0009117 0.0020103
3.80000000 0.0029856 0.0103269 0.0007705 0.0007705 0.0011419 0.0024876
3.60000000 0.0028392 0.0097969 0.0007079 0.0007079 0.0010626 0.0023242
4.20000000 0.0032655 0.0113582 0.0009057 0.0009057 0.0013079 0.0028250
4.00000000 0.0031281 0.0108481 0.0008363 0.0008364 0.0012237 0.0026547
4.60000000 0.0035239 0.0123395 0.0010544 0.0010545 0.0014823 0.0031723
4.40000000 0.0033976 0.0118556 0.0009784 0.0009784 0.0013941 0.0029977
5.00000000 0.0037593 0.0132662 0.0012174 0.0012174 0.0016648 0.0035262
4.80000000 0.0036445 0.0128098 0.0011341 0.0011341 0.0015725 0.0033485
5.40000000 0.0039716 0.0141367 0.0013948 0.0013949 0.0018549 0.0038850
5.20000000 0.0038684 0.0137086 0.0013043 0.0013043 0.0017589 0.0037051
5.80000000 0.0041607 0.0149496 0.0015864 0.0015864 0.0020521 0.0042463
5.60000000 0.0040691 0.0145504 0.0014889 0.0014889 0.0019527 0.0040655
6.20000000 0.0043273 0.0157054 0.0017916 0.0017916 0.0022557 0.0046079
6.00000000 0.0042468 0.0153345 0.0016873 0.0016874 0.0021532 0.0044272
6.60000000 0.0044715 0.0164037 0.0020112 0.0020113 0.0024666 0.0049708
6.40000000 0.0044023 0.0160619 0.0018995 0.0018996 0.0023603 0.0047893
7.00000000 0.0045923 0.0170412 0.0022454 0.0022454 0.0026844 0.0053335
6.80000000 0.0045349 0.0167302 0.0021265 0.0021266 0.0025747 0.0051523
7.40000000 0.0046899 0.0176164 0.0024935 0.0024935 0.0029086 0.0056936
7.20000000 0.0046440 0.0173366 0.0023677 0.0023678 0.0027958 0.0055140
7.80000000 0.0047650 0.0181302 0.0027552 0.0027552 0.0031387 0.0060496
7.60000000 0.0047302 0.0178809 0.0026227 0.0026227 0.0030230 0.0058723
8.20000000 0.0048194 0.0185846 0.0030295 0.0030295 0.0033743 0.0063997
8.00000000 0.0047947 0.0183646 0.0028908 0.0028909 0.0032559 0.0062255
8.60000000 0.0048547 0.0189828 0.0033153 0.0033153 0.0036145 0.0067424
8.40000000 0.0048393 0.0187905 0.0031710 0.0031711 0.0034939 0.0065721
9.00000000 0.0048730 0.0193280 0.0036112 0.0036112 0.0038588 0.0070763
8.80000000 0.0048659 0.0191618 0.0034621 0.0034621 0.0037362 0.0069105
9.40000000 0.0048762 0.0196238 0.0039156 0.0039156 0.0041063 0.0074003
9.20000000 0.0048764 0.0194819 0.0037624 0.0037625 0.0039822 0.0072396
9.80000000 0.0048661 0.0198733 0.0042264 0.0042264 0.0043559 0.0077129
9.60000000 0.0048727 0.0197541 0.0040703 0.0040703 0.0042309 0.0075581
10.2000000 0.0048445 0.0200799 0.0045417 0.0045417 0.0046065 0.0080130
10.0000000 0.0048566 0.0199817 0.0043836 0.0043836 0.0044811 0.0078646
10.6000000 0.0048136 0.0202473 0.0048598 0.0048598 0.0048576 0.0082997
10.4000000 0.0048301 0.0201683 0.0047005 0.0047005 0.0047321 0.0081581
11.0000000 0.0047752 0.0203792 0.0051791 0.0051792 0.0051083 0.0085728
10.8000000 0.0047952 0.0203175 0.0050194 0.0050194 0.0049830 0.0084380
11.4000000 0.0047311 0.0204793 0.0054982 0.0054983 0.0053583 0.0088318
11.2000000 0.0047537 0.0204330 0.0053388 0.0053388 0.0052334 0.0087041
11.8000000 0.0046829 0.0205509 0.0058155 0.0058155 0.0056066 0.0090767
11.6000000 0.0047074 0.0205184 0.0056572 0.0056572 0.0054827 0.0089561
12.2000000 0.0046323 0.0205974 0.0061293 0.0061293 0.0058528 0.0093073
12.0000000 0.0046578 0.0205771 0.0059729 0.0059729 0.0057300 0.0091938
12.6000000 0.0045805 0.0206217 0.0064383 0.0064384 0.0060962 0.0095238
12.4000000 0.0046065 0.0206122 0.0062845 0.0062845 0.0059749 0.0094173
13.0000000 0.0045286 0.0206262 0.0067410 0.0067411 0.0063360 0.0097263
12.8000000 0.0045545 0.0206263 0.0065906 0.0065906 0.0062165 0.0096268
13.4000000 0.0044775 0.0206133 0.0070362 0.0070363 0.0065718 0.0099151
13.2000000 0.0045029 0.0206218 0.0068896 0.0068897 0.0064544 0.0098224
13.8000000 0.0044278 0.0205849 0.0073229 0.0073230 0.0068030 0.0100905
13.6000000 0.0044524 0.0206009 0.0071807 0.0071807 0.0066880 0.0100044
14.2000000 0.0043801 0.0205424 0.0076002 0.0076002 0.0070292 0.0102532
14.0000000 0.0044037 0.0205653 0.0074628 0.0074628 0.0069168 0.0101734
14.6000000 0.0043348 0.0204874 0.0078675 0.0078675 0.0072502 0.0104037
14.4000000 0.0043572 0.0205164 0.0077351 0.0077351 0.0071404 0.0103299
15.0000000 0.0042920 0.0204209 0.0081247 0.0081247 0.0074659 0.0105429
14.8000000 0.0043131 0.0204555 0.0079974 0.0079974 0.0073587 0.0104746
15.4000000 0.0042518 0.0203440 0.0083716 0.0083716 0.0076762 0.0106716
15.2000000 0.0042716 0.0203837 0.0082494 0.0082495 0.0075717 0.0106085
15.8000000 0.0042144 0.0202574 0.0086081 0.0086081 0.0078811 0.0107908
15.6000000 0.0042328 0.0203019 0.0084911 0.0084912 0.0077793 0.0107323
16.2000000 0.0041795 0.0201620 0.0088345 0.0088346 0.0080807 0.0109012
16.0000000 0.0041966 0.0202108 0.0087226 0.0087226 0.0079815 0.0108470
16.6000000 0.0041472 0.0200584 0.0090512 0.0090512 0.0082751 0.0110038
16.4000000 0.0041630 0.0201112 0.0089441 0.0089441 0.0081785 0.0109534
17.0000000 0.0041172 0.0199470 0.0092583 0.0092583 0.0084645 0.0110995
16.8000000 0.0041319 0.0200036 0.0091559 0.0091559 0.0083704 0.0110525
17.4000000 0.0040894 0.0198286 0.0094562 0.0094562 0.0086489 0.0111890
17.2000000 0.0041031 0.0198887 0.0093583 0.0093584 0.0085573 0.0111450
17.8000000 0.0040637 0.0197036 0.0096457 0.0096457 0.0088288 0.0112734
17.6000000 0.0040763 0.0197669 0.0095519 0.0095520 0.0087394 0.0112318
18.2000000 0.0040397 0.0195724 0.0098274 0.0098274 0.0090045 0.0113536
18.0000000 0.0040515 0.0196387 0.0097375 0.0097375 0.0089172 0.0113140
18.6000000 0.0040173 0.0194354 0.0100018 0.0100019 0.0091763 0.0114304
18.4000000 0.0040283 0.0195046 0.0099155 0.0099155 0.0090909 0.0113924
19.0000000 0.0039964 0.0192932 0.0101697 0.0101698 0.0093445 0.0115045
18.8000000 0.0040067 0.0193650 0.0100866 0.0100866 0.0092608 0.0114677
19.4000000 0.0039766 0.0191461 0.0103316 0.0103316 0.0095092 0.0115765
19.2000000 0.0039864 0.0192202 0.0102514 0.0102514 0.0094273 0.0115407
19.8000000 0.0039580 0.0189945 0.0104878 0.0104878 0.0096706 0.0116469
19.6000000 0.0039672 0.0190708 0.0104103 0.0104104 0.0095903 0.0116119
20.2000000 0.0039402 0.0188388 0.0106387 0.0106387 0.0098288 0.0117160
20.0000000 0.0039490 0.0189172 0.0105639 0.0105639 0.0097501 0.0116816
20.6000000 0.0039233 0.0186795 0.0107846 0.0107846 0.0099837 0.0117841
20.4000000 0.0039317 0.0187596 0.0107123 0.0107123 0.0099067 0.0117502
21.0000000 0.0039070 0.0185167 0.0109254 0.0109254 0.0101350 0.0118511
20.8000000 0.0039151 0.0185985 0.0108556 0.0108557 0.0100598 0.0118177
21.4000000 0.0038912 0.0183509 0.0110611 0.0110611 0.0102826 0.0119169
21.2000000 0.0038991 0.0184341 0.0109938 0.0109939 0.0102093 0.0118841
21.8000000 0.0038759 0.0181823 0.0111919 0.0111920 0.0104265 0.0119817
21.6000000 0.0038835 0.0182669 0.0111271 0.0111271 0.0103550 0.0119494
22.2000000 0.0038609 0.0180111 0.0113179 0.0113180 0.0105665 0.0120454
22.0000000 0.0038684 0.0180970 0.0112556 0.0112556 0.0104970 0.0120137
22.6000000 0.0038462 0.0178376 0.0114390 0.0114390 0.0107024 0.0121079
22.4000000 0.0038536 0.0179246 0.0113791 0.0113791 0.0106350 0.0120768
23.0000000 0.0038316 0.0176621 0.0115549 0.0115549 0.0108336 0.0121686
22.8000000 0.0038389 0.0177501 0.0114976 0.0114976 0.0107686 0.0121385
23.4000000 0.0038172 0.0174846 0.0116652 0.0116652 0.0109599 0.0122273
23.2000000 0.0038244 0.0175735 0.0116107 0.0116108 0.0108974 0.0121983
23.8000000 0.0038027 0.0173053 0.0117698 0.0117698 0.0110809 0.0122836
23.6000000 0.0038099 0.0173951 0.0117183 0.0117183 0.0110211 0.0122558
24.2000000 0.0037881 0.0171243 0.0118682 0.0118682 0.0111961 0.0123368
24.0000000 0.0037954 0.0172150 0.0118198 0.0118198 0.0111393 0.0123106
24.6000000 0.0037735 0.0169418 0.0119601 0.0119601 0.0113052 0.0123868
24.4000000 0.0037808 0.0170333 0.0119149 0.0119149 0.0112514 0.0123622
25.0000000 0.0037587 0.0167578 0.0120456 0.0120456 0.0114081 0.0124333
24.8000000 0.0037661 0.0168500 0.0120036 0.0120037 0.0113574 0.0124104
25.4000000 0.0037436 0.0165724 0.0121249 0.0121249 0.0115049 0.0124764
25.2000000 0.0037512 0.0166653 0.0120860 0.0120860 0.0114572 0.0124552
25.8000000 0.0037283 0.0163856 0.0121984 0.0121985 0.0115961 0.0125164
25.6000000 0.0037360 0.0164792 0.0121624 0.0121624 0.0115512 0.0124967
26.2000000 0.0037127 0.0161976 0.0122667 0.0122667 0.0116820 0.0125536
26.0000000 0.0037205 0.0162918 0.0122332 0.0122332 0.0116397 0.0125353
26.6000000 0.0036967 0.0160082 0.0123303 0.0123303 0.0117632 0.0125886
26.4000000 0.0037047 0.0161031 0.0122990 0.0122990 0.0117232 0.0125714
27.0000000 0.0036803 0.0158176 0.0123899 0.0123899 0.0118404 0.0126218
26.8000000 0.0036885 0.0159131 0.0123605 0.0123605 0.0118023 0.0126054
27.4000000 0.0036634 0.0156258 0.0124465 0.0124465 0.0119143 0.0126540
27.2000000 0.0036719 0.0157219 0.0124185 0.0124186 0.0118777 0.0126380
27.8000000 0.0036461 0.0154328 0.0125005 0.0125006 0.0119855 0.0126856
27.6000000 0.0036548 0.0155294 0.0124738 0.0124738 0.0119502 0.0126699
28.2000000 0.0036282 0.0152385 0.0125528 0.0125528 0.0120545 0.0127172
28.0000000 0.0036372 0.0153358 0.0125268 0.0125269 0.0120202 0.0127014
28.6000000 0.0036099 0.0150431 0.0126040 0.0126040 0.0121221 0.0127493
28.4000000 0.0036191 0.0151410 0.0125785 0.0125785 0.0120884 0.0127331
29.0000000 0.0035909 0.0148465 0.0126549 0.0126550 0.0121891 0.0127826
28.8000000 0.0036005 0.0149450 0.0126294 0.0126295 0.0121556 0.0127657
29.4000000 0.0035714 0.0146488 0.0127065 0.0127065 0.0122562 0.0128179
29.2000000 0.0035812 0.0147478 0.0126806 0.0126806 0.0122226 0.0128000
29.8000000 0.0035513 0.0144499 0.0127595 0.0127595 0.0123242 0.0128558
29.6000000 0.0035614 0.0145495 0.0127328 0.0127328 0.0122900 0.0128365
30.2000000 0.0035305 0.0142498 0.0128145 0.0128146 0.0123938 0.0128970
30.0000000 0.0035409 0.0143500 0.0127867 0.0127867 0.0123587 0.0128759
30.6000000 0.0035090 0.0140486 0.0128724 0.0128724 0.0124655 0.0129419
30.4000000 0.0035198 0.0141494 0.0128431 0.0128431 0.0124293 0.0129189
31.0000000 0.0034869 0.0138463 0.0129334 0.0129334 0.0125399 0.0129908
30.8000000 0.0034980 0.0139476 0.0129025 0.0129025 0.0125024 0.0129658
31.4000000 0.0034641 0.0136428 0.0129979 0.0129979 0.0126170 0.0130440
31.2000000 0.0034756 0.0137447 0.0129652 0.0129652 0.0125781 0.0130168
31.8000000 0.0034406 0.0134382 0.0130657 0.0130658 0.0126970 0.0131013
31.6000000 0.0034524 0.0135406 0.0130314 0.0130314 0.0126566 0.0130721
32.2000000 0.0034163 0.0132324 0.0131370 0.0131370 0.0127798 0.0131627
32.0000000 0.0034285 0.0133354 0.0131009 0.0131010 0.0127380 0.0131315
32.6000000 0.0033914 0.0130256 0.0132115 0.0132115 0.0128653 0.0132280
32.4000000 0.0034040 0.0131292 0.0131739 0.0131739 0.0128222 0.0131949
33.0000000 0.0033657 0.0128177 0.0132890 0.0132890 0.0129532 0.0132969
32.8000000 0.0033786 0.0129218 0.0132499 0.0132499 0.0129089 0.0132620
33.4000000 0.0033393 0.0126087 0.0133690 0.0133690 0.0130432 0.0133689
33.2000000 0.0033526 0.0127133 0.0133287 0.0133287 0.0129980 0.0133326
33.8000000 0.0033121 0.0123986 0.0134510 0.0134511 0.0131348 0.0134435
33.6000000 0.0033258 0.0125038 0.0134098 0.0134098 0.0130889 0.0134059
34.2000000 0.0032843 0.0121875 0.0135349 0.0135349 0.0132278 0.0135203
34.0000000 0.0032983 0.0122932 0.0134928 0.0134928 0.0131812 0.0134816
34.6000000 0.0032559 0.0119755 0.0136204 0.0136205 0.0133222 0.0135993
34.4000000 0.0032702 0.0120816 0.0135775 0.0135775 0.0132749 0.0135596
35.0000000 0.0032267 0.0117626 0.0137074 0.0137074 0.0134176 0.0136802
34.8000000 0.0032414 0.0118692 0.0136638 0.0136638 0.0133698 0.0136396
35.4000000 0.0031969 0.0115488 0.0137956 0.0137956 0.0135139 0.0137627
35.2000000 0.0032119 0.0116558 0.0137514 0.0137514 0.0134656 0.0137213
35.8000000 0.0031664 0.0113340 0.0138850 0.0138850 0.0136112 0.0138468
35.6000000 0.0031818 0.0114415 0.0138402 0.0138402 0.0135625 0.0138046
36.2000000 0.0031352 0.0111183 0.0139747 0.0139748 0.0137085 0.0139317
36.0000000 0.0031509 0.0112263 0.0139299 0.0139299 0.0136599 0.0138892
36.6000000 0.0031033 0.0109015 0.0140630 0.0140630 0.0138041 0.0140155
36.4000000 0.0031194 0.0110101 0.0140193 0.0140194 0.0137568 0.0139740
37.0000000 0.0030714 0.0106849 0.0141510 0.0141510 0.0138995 0.0140990
36.8000000 0.0030870 0.0107928 0.0141060 0.0141060 0.0138507 0.0140564
37.4000000 0.0030396 0.0104684 0.0142409 0.0142410 0.0139968 0.0141845
37.2000000 0.0030556 0.0105768 0.0141960 0.0141960 0.0139482 0.0141417
37.8000000 0.0030069 0.0102506 0.0143302 0.0143302 0.0140932 0.0142698
37.6000000 0.0030234 0.0103596 0.0142857 0.0142857 0.0140452 0.0142273
38.2000000 0.0029735 0.0100320 0.0144180 0.0144181 0.0141879 0.0143541
38.0000000 0.0029903 0.0101414 0.0143742 0.0143743 0.0141407 0.0143121
38.6000000 0.0029395 0.0098124 0.0145059 0.0145059 0.0142825 0.0144388
38.4000000 0.0029566 0.0099223 0.0144619 0.0144620 0.0142353 0.0143964
39.0000000 0.0029042 0.0095912 0.0145927 0.0145927 0.0143757 0.0145230
38.8000000 0.0029220 0.0097020 0.0145496 0.0145496 0.0143295 0.0144811
39.4000000 0.0028672 0.0093679 0.0146715 0.0146716 0.0144607 0.0145998
39.2000000 0.0028859 0.0094799 0.0146344 0.0146344 0.0144204 0.0145635
39.8000000 0.0028281 0.0091421 0.0147199 0.0147199 0.0145153 0.0146472
39.6000000 0.0028479 0.0092553 0.0147000 0.0147000 0.0144923 0.0146277